a1: 23.635918
b1: 1.405884
a2: -12.848080
b2: 0.596618
r: -0.915847
